1 0 23 17 757 486
1 0 23 17 757 486
1 0 23 17 757 486
1 0 9 15 633 484
1 0 15 8 421 391
1 0 15 8 458 446
5 0 33 71 589 436
5 0 0 11 474 376
4 0 0 8 647 480
12 0 56 1 759 401
12 0 56 1 759 401
1 0 28 24 326 462
1 0 404 36 780 494
8 0 0 0 659 388
1 0 167 18 766 485
8 0 260 3 780 493
12 0 180 6 762 494
11 0 181 33 778 463
2 0 146 3 715 463
1 0 112 6 702 494
5 0 182 80 764 494
6 0 114 140 665 494
9 0 81 22 766 494
8 0 50 12 765 367
11 0 34 7 752 385
11 0 28 3 680 359
1 0 71 36 772 494
5 0 59 29 761 494
8 0 178 21 656 440
5 0 59 29 761 494
1 0 0 0 701 458
6 0 75 85 672 494
1 0 234 46 724 452
1 0 248 30 637 470
5 0 20 29 369 459
5 0 411 35 726 448
5 0 20 29 418 459
5 0 465 45 780 458
1 0 118 0 637 470
17 0 404 53 753 454
17 0 572 125 722 375
17 0 0 9 568 449
6 0 156 210 355 453
6 0 403 9 772 494
3 0 324 93 709 323
3 0 55 28 267 253
3 0 55 28 267 253
3 0 520 77 780 265
3 0 0 0 0 0
3 0 233 37 490 226
13 0 255 79 780 494
null 0 19 3 778 490
null 0 47 42 728 430
null 0 47 42 728 430
null 0 47 42 728 430
0 0 47 1 728 430
0 0 0 0 600 429
0 0 41 22 610 481
0 0 41 22 500 481
0 0 46 31 242 414
undefined 0 41 22 379 307
undefined 0 41 22 379 307
5a1fa411f0bbb2747e6b91ef 0 0 14 358 465
5a1fa411f0bbb2747e6b91ef 0 385 20 673 459
5a1fa5c6f0bbb2747e6b91f1 0 115 5 705 484
5a1fa5c6f0bbb2747e6b91f1 0 200 106 644 301
5a1ff38480b997d5a4d00461 0 246 58 780 384
5a1ff38480b997d5a4d00461 0 68 32 230 415
5a1f9f4a80b9856c64c521f4 0 17 14 251 328
5a201b6e3ed7cfed25eccbb2 0 75 4 346 445
5a201b6e3ed7cfed25eccbb2 0 352 9 650 481
5a201bab3ed7cfed25eccbb4 0 60 51 374 411
5a201bab3ed7cfed25eccbb4 0 513 34 726 396
5a201cd73ed7cfed25eccc44 0 0 0 0 0
5a201f9f3ed7cfed25ecccd6 0 32 7 339 482
5a201f9f3ed7cfed25ecccd6 0 357 17 726 492
5a201fdf3ed7cfed25ecccd8 0 49 21 221 433
5a201fdf3ed7cfed25ecccd8 0 269 35 559 280
5a201fdf3ed7cfed25ecccd8 0 570 57 768 425